3 151.58358409508128 141.07797270955166 76.01317208879802 39.844054580896696
3 96.61793372319687 108.38791423001948 74.46393762183236 46.19883040935672
3 155.3898635477583 89.38206627680312 62.573099415204666 62.76803118908382
3 209.093567251462 113.35867446393762 65.1072124756335 52.63157894736841
3 256.364522417154 81.58479532163742 62.96296296296293 49.122807017543856
3 285.36257309941516 50.006558230934964 47.27485380116963 31.580367923858248
3 48.66471734892787 78.17348927875244 61.59844054580897 42.69005847953217
3 109.48343079922026 56.730994152046776 58.47953216374269 47.75828460038986
3 154.90253411306043 33.3391812865497 49.51267056530213 38.40155945419103
3 197.10526315789474 17.452241715399605 46.19883040935673 33.918128654970765
3 200.906432748538 54.976608187134495 54.191033138401565 43.46978557504873
3 240.86744639376218 32.461988304093566 47.953216374269005 37.81676413255361
3 26.052631578947366 54.68421052631578 51.46198830409357 44.054580896686154
3 71.47173489278752 33.63157894736841 53.021442495126706 41.71539961013645
3 40.4775828460039 14.430799220272899 50.682261208576996 26.315789473684212
3 117.4756335282651 16.380116959064324 53.411306042885 30.99415204678363
3 272.1539961013645 13.066276803118901 46.978557504873265 24.366471734892787
3 300.27485380116957 23.425454316795594 17.45029239766086 23.642331635540515
