0 0.958080 0.839416 0.073964 0.310238
0 0.930103 0.572817 0.129503 0.212651
0 0.830189 0.660455 0.192110 0.284823
0 0.873382 0.857460 0.177297 0.274152
0 0.926141 0.328140 0.140446 0.254280
0 0.834906 0.364677 0.163808 0.273224
0 0.735420 0.420095 0.222127 0.265491
0 0.548885 0.586349 0.272727 0.484586
0 0.643654 0.741004 0.301029 0.463965
0 0.304889 0.684942 0.386792 0.418858
0 0.402703 0.861326 0.359437 0.266419
0 0.136480 0.918033 0.272959 0.153005
0 0.110206 0.729405 0.206690 0.469121
0 0.457547 0.292504 0.261578 0.360862
0 0.767581 0.204222 0.118353 0.228116
0 0.637650 0.237731 0.184391 0.271935
0 0.878216 0.141071 0.113208 0.274513
0 0.957015 0.124197 0.078696 0.194367
0 0.759434 0.063744 0.138079 0.125013
0 0.638757 0.063769 0.173600 0.127539
0 0.473723 0.069569 0.210358 0.139138
0 0.241765 0.092767 0.302062 0.185535
0 0.245283 0.344056 0.319039 0.299000
0 0.062607 0.277039 0.121784 0.543871
