0 383.1967213114754 304.4590163934426 79.50819672131149 96.72131147540983
0 271.10655737704917 297.6967213114754 115.98360655737707 110.24590163934423
0 188.31967213114757 267.36885245901635 62.70491803278685 167.6229508196721
0 290.1639344262295 269.827868852459 127.0491803278689 164.34426229508196
0 265.1639344262295 132.327868852459 86.06557377049177 110.65573770491804
0 174.79508196721312 168.80327868852459 145.49180327868856 231.96721311475406
0 45.286885245901644 251.38524590163934 -88.11475409836066 202.86885245901635
0 109.22131147540983 300.9754098360655 98.77049180327869 101.22950819672127
0 79.3032786885246 192.1639344262295 156.96721311475412 313.9344262295082
0 42.62295081967213 146.87704918032787 -77.86885245901638 69.26229508196722
0 33.19672131147541 45.85245901639344 -66.39344262295081 -90.1639344262295
0 153.89344262295083 85.19672131147541 182.37704918032784 169.672131147541
0 260.65573770491807 47.28688524590164 93.44262295081967 93.0327868852459
0 311.88524590163934 103.84426229508198 94.26229508196724 205.32786885245903
0 452.8688524590164 109.37704918032787 41.80327868852453 -218.0327868852459
0 395.4918032786885 161.4262295081967 93.44262295081961 319.67213114754094
0 439.2350738716859 253.72950819672133 67.81441003845379 198.54098360655738
