2 0.118504 0.199914 0.212690 0.309886
2 0.334076 0.192914 0.159517 0.292152
2 0.577837 0.261051 0.131970 0.407893
2 0.606345 0.206448 0.273550 0.294952
2 0.884699 0.228849 0.176814 0.384558
2 0.092879 0.513534 0.162720 0.296819
2 0.236380 0.541536 0.080720 0.248283
2 0.354577 0.507467 0.090329 0.202546
2 0.619798 0.603140 0.272268 0.237082
2 0.794690 0.600806 0.060860 0.249216
2 0.857793 0.615741 0.067907 0.357490
2 0.936911 0.589606 0.105704 0.236148
2 0.893668 0.903693 0.188346 0.143743
2 0.602821 0.880824 0.272909 0.165211
2 0.342725 0.833688 0.167845 0.270684
2 0.125231 0.830421 0.210768 0.288418
