2 0.147284 0.315683 0.226134 0.264730
2 0.211234 0.296258 0.100870 0.189738
2 0.364517 0.305745 0.081751 0.232203
2 0.267932 0.395644 0.439742 0.168054
2 0.556039 0.254244 0.123286 0.472538
2 0.624934 0.396999 0.071203 0.259308
2 0.687236 0.345047 0.129879 0.245756
2 0.688884 0.355438 0.109441 0.228589
2 0.805248 0.433592 0.187896 0.159018
2 0.812170 0.406938 0.179325 0.102097
2 0.700422 0.514456 0.029668 0.067764
2 0.722178 0.564601 0.038898 0.072281
2 0.756131 0.570022 0.036920 0.054211
2 0.742946 0.520781 0.055380 0.055114
2 0.763054 0.485544 0.048128 0.035237
2 0.793051 0.505873 0.042194 0.052404
2 0.798655 0.541110 0.032305 0.034334
2 0.857991 0.578154 0.104826 0.063246
2 0.871506 0.662181 0.092300 0.054211
2 0.884362 0.735817 0.190533 0.373151
2 0.796018 0.802677 0.062632 0.239431
2 0.748879 0.813971 0.063291 0.227685
2 0.750198 0.644562 0.058017 0.058728
2 0.684270 0.741238 0.043513 0.349660
2 0.594937 0.592610 0.103507 0.128299
2 0.547139 0.792738 0.229430 0.291835
2 0.711959 0.955371 0.543249 0.046079
2 0.469014 0.569571 0.100870 0.138238
2 0.389241 0.637786 0.052083 0.086737
2 0.369132 0.833397 0.113397 0.219554
2 0.262988 0.740786 0.102848 0.072281
2 0.226398 0.861857 0.124604 0.164440
2 0.305841 0.595772 0.043513 0.167150
2 0.351991 0.535689 0.043513 0.117457
2 0.207938 0.528912 0.139109 0.159922
2 0.155195 0.674378 0.104826 0.158115
2 0.060588 0.715488 0.080432 0.365020
2 0.103771 0.729492 0.067906 0.371344
2 0.143658 0.809453 0.044831 0.061439
