2 117.53086419753086 285.92798353909467 141.9753086419753 -143.62139917695472
2 193.86831275720164 187.77983539094652 149.79423868312756 -139.917695473251
2 270.0 263.0884773662551 166.2551440329218 -206.5843621399177
2 360.94650205761315 312.2654320987654 83.12757201646093 -136.2139917695473
2 527.201646090535 123.37654320987656 160.49382716049382 151.85185185185185
2 496.26954732510285 185.27861737855355 285.46090534979425 264.13336644434986
2 208.2716049382716 379.7551440329218 29.62962962962962 -48.14814814814815
2 194.4855967078189 376.05144032921805 33.33333333333334 -56.37860082304525
2 187.0781893004115 373.9938271604938 35.80246913580248 -59.67078189300412
2 182.5514403292181 370.4958847736625 45.67901234567901 -66.66666666666669
2 172.2633744855967 367.6152263374486 47.32510288065845 -69.1358024691358
2 166.91358024691357 363.70576131687244 53.08641975308643 -78.60082304526748
2 161.76954732510285 363.9115226337449 55.967078189300395 -79.83539094650206
2 152.09876543209876 358.9732510288066 72.01646090534977 -92.18106995884773
