2 0.183642 0.669621 0.221836 0.336350
2 0.302919 0.439765 0.234053 0.327676
2 0.421875 0.616132 0.259774 0.483804
2 0.563979 0.731301 0.129887 0.319002
2 0.823753 0.288938 0.250772 0.355625
2 0.775421 0.433908 0.446033 0.618579
2 0.325424 0.889356 0.046296 0.112759
2 0.303884 0.880683 0.052083 0.132034
2 0.292310 0.875864 0.055941 0.139744
2 0.285237 0.867672 0.071373 0.156128
2 0.269162 0.860926 0.073945 0.161911
2 0.260802 0.851770 0.082948 0.184077
2 0.252765 0.852252 0.087449 0.186968
2 0.237654 0.840687 0.112526 0.215881
